All values within the tree:
InOrder of the tree:
100 102 107 111 115 116 117 123 127 130 133 134 136 138 139 140 141 328 369 500 

PreOrder of the tree:
141 117 116 107 100 102 115 111 134 123 130 127 133 136 140 139 138 500 369 328 

PostOrder of the tree:
546 544 530 531 529 541 520 508 505 506 511 512 524 471 468 431 405 369 500 141 

Count of numbers in list: 152
Sum of numbers in list: 141
Average of numbers in list: 0
Leaf node count:
51
Deepest Node:
284

Each node with one child:
141 141 117 117 116 116 107 107 100 100 102 102 115 115 111 111 134 134 123 123 130 130 127 127 133 133 136 136 140 140 139 139 138 138 500 500 369 369 328 328 208 208 161 161 147 147 142 142 150 150 151 151 156 156 153 153 157 157 159 159 195 195 169 169 165 165 179 179 170 170 173 173 171 171 193 193 187 187 196 196 264 264 253 253 226 226 212 212 223 223 218 218 222 222 224 224 240 240 237 237 236 236 239 239 238 238 248 248 247 247 245 245 256 256 254 254 261 261 257 257 277 277 273 273 266 266 272 272 271 271 276 276 274 274 304 304 299 299 283 283 281 281 294 294 286 286 284 284 291 291 296 296 308 308 327 327 313 313 320 320 345 345 342 342 332 332 337 337 334 334 336 336 340 340 366 366 362 362 359 359 355 355 350 350 349 349 405 405 395 395 392 392 388 388 372 372 379 379 373 373 374 374 382 382 380 380 387 387 391 391 394 394 402 402 403 403 431 431 427 427 421 421 406 406 412 412 408 408 410 410 418 418 426 426 428 428 468 468 453 453 447 447 435 435 433 433 441 441 436 436 452 452 450 450 448 448 457 457 464 464 459 459 471 471 485 485 474 474 492 492 488 488 491 491 498 498 495 495 524 524 512 512 511 511 506 506 505 505 508 508 520 520 541 541 529 529 531 531 530 530 544 544 546 546 

Print the subtree starting at 195
100 102 107 111 115 116 117 123 127 130 133 134 136 138 139 140 141 142 147 150 151 153 156 157 159 161 165 169 170 171 173 179 187 193 195 196 208 212 218 222 223 224 226 236 237 238 239 240 245 247 248 253 254 256 257 261 264 266 271 272 273 274 276 277 281 283 284 286 291 294 296 299 304 308 313 320 327 328 332 334 336 337 340 342 345 349 350 355 359 362 366 369 372 373 374 379 380 382 387 388 391 392 394 395 402 403 405 406 408 410 412 418 421 426 427 428 431 433 435 436 441 447 448 450 452 453 457 459 464 468 471 474 485 488 491 492 495 498 500 505 506 508 511 512 520 524 529 530 531 541 544 546 

Print the left of root
136 140 139 138 123 130 133 127 107 115 111 100 102 

Print the right of root
541 544 546 529 531 530 512 520 511 506 508 505 405 431 468 471 485 492 498 495 488 491 474 453 457 464 459 447 452 450 448 435 441 436 433 427 428 421 426 406 412 418 408 410 395 402 403 392 394 388 391 372 379 382 387 380 373 374 328 345 366 362 359 355 350 349 342 332 337 340 334 336 208 264 277 304 308 327 313 320 299 283 294 296 286 291 284 281 273 276 274 266 272 271 253 256 261 257 254 226 240 248 247 245 237 239 238 236 212 223 224 218 222 161 195 196 169 179 193 187 170 173 171 165 147 150 151 156 157 159 153 142 

All numbers who's digits total 12 or less


New list after deletes
139 157 159 169 179 187 193 195 196 238 239 247 248 256 257 266 277 328 369 508 

Number of nodes
63


Sum of all nodes
278