141
117
134
500
369
524
328
208
512
264
405
345
431
277
161
395
342
427
136
541
304
402
253
392
332
421
366
468
195
147
226
471
388
169
212
299
485
544
453
511
372
283
223
391
218
447
294
362
457
337
359
273
179
428
266
435
240
142
506
140
492
464
248
546
505
529
170
150
256
151
193
498
379
123
334
254
406
116
276
531
308
394
139
426
173
237
488
382
441
433
165
239
508
130
127
156
436
171
495
474
272
520
327
373
247
412
236
340
261
286
355
374
452
450
350
224
380
157
107
187
257
403
133
459
408
238
222
296
530
313
100
291
410
159
274
387
245
102
491
336
115
320
196
271
448
349
418
284
281
153
138
111